-1.96592580 2.71177723
-1.95826676 2.73188441
-1.99119469 2.78314896
-2.03528214 2.74948404
-1.99878076 2.76194662
-1.98522989 2.79794709
-2.01049445 2.78595849
-2.03625726 2.78447120
-1.97157680 2.72992717
-1.95322941 2.80708666
-1.95955098 2.73999710
-1.97329486 2.78597260
-1.95487559 2.78269681
-1.95798860 2.72194810
-2.03481821 2.81447808
-2.04003421 2.79408396
-1.99256631 2.76696087
-2.06895697 2.81982813
-2.01498115 2.77603410
-2.04276041 2.80199068
-1.98161182 2.79535340
-1.98986833 2.76437304
-1.97702627 2.76911158
-2.02272985 2.74448135
-2.00925516 2.74475202
-2.01725708 2.75190545
-1.96914940 2.78079005
-2.00461341 2.72743204
-1.95841853 2.77453731
-1.94887695 2.81061655
-1.92941299 2.75518204
-1.96450887 2.73051847
-1.99786590 2.73147975
-1.97436502 2.75507329
-1.98385185 2.72082960
-1.98660746 2.75198876
-1.97219712 2.78489216
-1.94551749 2.78880589
-1.95573349 2.75754856
-1.96898982 2.75863487
-2.03188439 2.79675336
-1.95192717 2.73817335
-2.01909744 2.76010194
-2.03194605 2.74796460
-1.97441549 2.74560279
-2.00867295 2.81377451
-1.98731494 2.76483142
-1.94636908 2.74732059
-1.97846377 2.75045597
-1.96397615 2.75650277
