0.00022405 0.00021732
0.00016236 0.00019610
0.00022692 0.00014029
0.00019405 0.00022614
0.00021146 0.00019914
0.00017986 0.00019968
0.00025023 0.00021383
0.00022107 0.00021577
0.00020831 0.00016092
0.00019664 0.00013715
0.00018820 0.00017192
0.00022457 0.00021717
0.00022555 0.00018168
0.00021015 0.00018947
0.00019441 0.00017628
0.00020382 0.00015813
0.00018978 0.00014675
0.00020647 0.00018962
0.00020509 0.00021858
0.00019989 0.00019775
0.00020359 0.00020887
0.00020375 0.00021606
0.00023088 0.00016212
0.00017763 0.00017622
0.00020668 0.00022727
0.00018202 0.00022241
0.00019024 0.00016132
0.00023534 0.00014555
0.00021134 0.00021786
0.00019365 0.00016818
0.00024361 0.00017353
0.00019885 0.00021645
0.00021838 0.00020357
0.00020600 0.00016446
0.00021881 0.00017482
0.00020864 0.00022693
0.00020860 0.00019922
0.00022169 0.00024541
0.00020969 0.00024774
0.00020053 0.00019100
0.00021179 0.00019832
0.00018510 0.00018518
0.00018690 0.00014357
0.00020842 0.00024616
0.00020705 0.00017865
0.00021325 0.00019044
0.00022737 0.00023104
0.00022751 0.00020185
0.00019980 0.00024367
0.00018221 0.00015409
