-2.17790304 2.54457947
-2.05954884 2.70310906
-2.11422996 3.00853221
-1.95513821 2.51508563
-2.02756243 2.81198891
-1.97785091 2.87705569
-2.05847227 2.58120855
-2.27237594 2.56964846
-1.90653567 2.76989009
-1.84987382 2.82556205
-2.06070102 2.72496163
-1.78334557 3.08498457
-2.05389223 2.81531577
-2.03426162 2.45812609
-2.25157905 2.67675484
-2.02419764 2.42878942
-1.88864897 2.90132118
-2.10846569 2.99856608
-1.99736122 2.73162252
-1.94776780 3.10077522
-1.98514391 2.69088497
-1.95915110 2.72274986
-1.99677660 2.60526555
-2.08959846 2.59275259
-2.04402952 2.84918387
-2.05643639 2.95751927
-1.81093742 2.86843020
-1.82104699 2.77365897
-1.90126536 2.87918885
-1.87895596 2.78595639
-2.19079494 3.08476028
-1.91372877 2.92314789
-2.21585593 2.80702029
-2.16174585 2.81895698
-1.96094805 2.51541166
-2.20024238 2.19034509
-2.00661423 2.51835365
-2.02778736 2.81738817
-1.87666300 2.78549808
-2.05738254 2.83251349
-2.19622704 2.97531715
-2.06285277 3.10992160
-1.78549966 2.73801156
-1.90525350 2.81303418
-1.83186519 2.88599911
-1.87466546 3.05812395
-1.90655990 2.96698731
-2.02482669 2.87091947
-2.16316774 2.52825686
-2.07144180 2.83115064
