0.99963082 0.00036918
0.00037806 0.99962194
0.99962707 0.00037293
0.99963257 0.00036743
0.00037048 0.99962952
0.99962430 0.00037570
0.00037530 0.99962470
0.00037081 0.99962919
0.00037068 0.99962932
0.99962122 0.00037878
0.99962866 0.00037134
0.00037743 0.99962257
0.99962319 0.00037681
0.00037179 0.99962821
0.99961564 0.00038436
0.99963359 0.00036641
0.99963024 0.00036976
0.00037999 0.99962001
0.00037730 0.99962270
0.00037706 0.99962294
0.99963193 0.00036807
0.00037758 0.99962242
0.99962953 0.00037047
0.99962743 0.00037257
0.00036620 0.99963380
0.99962303 0.00037697
0.00037404 0.99962596
0.00037367 0.99962633
0.99962672 0.00037328
0.99962248 0.00037752
0.00037174 0.99962826
0.99962591 0.00037409
0.00037962 0.99962038
0.99963570 0.00036430
0.99962296 0.00037704
0.99962647 0.00037353
0.99962454 0.00037546
0.00037191 0.99962809
0.00037111 0.99962889
0.99962989 0.00037011
0.99962009 0.00037991
0.00037725 0.99962275
0.99962469 0.00037531
0.00037618 0.99962382
0.00037584 0.99962416
0.99962777 0.00037223
0.99962186 0.00037814
0.00037411 0.99962589
0.00036911 0.99963089
0.00037878 0.99962122
0.99962240 0.00037760
0.99962348 0.00037652
0.99962565 0.00037435
0.00037345 0.99962655
0.00037272 0.99962728
0.00037311 0.99962689
0.99962773 0.00037227
0.00037560 0.99962440
0.00037819 0.99962181
0.00036894 0.99963106
0.00037608 0.99962392
0.99961996 0.00038004
0.99962161 0.00037839
0.00037463 0.99962537
0.00037973 0.99962027
0.00037756 0.99962244
0.99962925 0.00037075
0.00037235 0.99962765
0.99962079 0.00037921
0.00038123 0.99961877
0.00038013 0.99961987
0.00037479 0.99962521
0.99962466 0.00037534
0.00037368 0.99962632
0.00037816 0.99962184
0.99963309 0.00036691
0.99962937 0.00037063
0.99961923 0.00038077
0.99962666 0.00037334
0.99962138 0.00037862
0.00037168 0.99962832
0.99962877 0.00037123
0.00037195 0.99962805
0.00037760 0.99962240
0.99962110 0.00037890
0.99962726 0.00037274
0.99962406 0.00037594
0.99962034 0.00037966
0.00037644 0.99962356
0.00037770 0.99962230
0.00037128 0.99962872
0.99963960 0.00036040
0.99963577 0.00036423
0.99963012 0.00036988
0.00037734 0.99962266
0.00037528 0.99962472
0.00037876 0.99962124
0.00037874 0.99962126
0.00037832 0.99962168
0.00036921 0.99963079
