0.01065918 0.01018855
0.01000589 0.00945774
0.01080328 0.00969387
0.01093007 0.00947514
0.01036076 0.00929030
0.01071841 0.00968252
0.01078288 0.00986255
0.01099688 0.00996805
0.01046738 0.00930292
0.01004144 0.00975458
0.01067562 0.00959247
0.01065104 0.00865203
0.01182957 0.01017449
0.01056940 0.00961100
0.01095604 0.00959490
0.01007628 0.00947375
0.01058579 0.00923486
0.01053801 0.00898153
0.01059762 0.00939552
0.01092029 0.01011266
0.01018035 0.00964131
0.01047429 0.00947578
0.01054026 0.00956933
0.01041324 0.01015846
0.01067412 0.00941981
0.01050485 0.01042198
0.01040993 0.00940138
0.01106216 0.00914769
0.01088882 0.00973440
0.01027075 0.00956975
0.01018005 0.00923772
0.01075136 0.00943388
0.01071848 0.00962470
0.01038188 0.00948889
0.01131889 0.00915917
0.01068666 0.01039571
0.01043427 0.00859820
0.01037868 0.01017169
0.01027369 0.00924719
0.01081417 0.00958267
0.01052239 0.01030892
0.01059295 0.00963557
0.01007333 0.00921653
0.01122596 0.00934987
0.01106090 0.00995532
0.00977090 0.00892466
0.01038497 0.00973363
0.01030426 0.00916588
0.01043991 0.01020091
0.01032711 0.00969382
